# oST version 5.0 parameters


[image]

width
640

height
480

[narrow_stereo]

camera matrix
803.105457 0.000000 333.401466
0.000000 810.909694 217.020702
0.000000 0.000000 1.000000

distortion
-0.026336 -0.081074 -0.007280 -0.003659 0.000000

rectification
1.000000 0.000000 0.000000
0.000000 1.000000 0.000000
0.000000 0.000000 1.000000

projection
799.049377 0.000000 332.162364 0.000000
0.000000 807.686279 215.199358 0.000000
0.000000 0.000000 1.000000 0.000000

