# oST version 5.0 parameters


[image]

width
1288

height
964

[narrow_stereo]

camera matrix
737.957676 0.000000 647.875605
0.000000 738.055516 441.261220
0.000000 0.000000 1.000000

distortion
-0.308042 0.077976 0.000091 -0.000266 0.000000

rectification
1.000000 0.000000 0.000000
0.000000 1.000000 0.000000
0.000000 0.000000 1.000000

projection
528.413391 0.000000 645.891432 0.000000
0.000000 617.963745 423.492207 0.000000
0.000000 0.000000 1.000000 0.000000

