image_width: 1288
image_height: 964
camera_name: narrow_stereo
camera_matrix:
  rows: 3
  cols: 3
  data: [737.957676, 0.000000, 647.875605, 0.000000, 738.055516, 441.261220, 0.000000, 0.000000, 1.000000]
distortion_model: plumb_bob
distortion_coefficients:
  rows: 1
  cols: 5
  data: [-0.308042, 0.077976, 0.000091, -0.000266, 0.000000]
rectification_matrix:
  rows: 3
  cols: 3
  data: [1.000000, 0.000000, 0.000000, 0.000000, 1.000000, 0.000000, 0.000000, 0.000000, 1.000000]
projection_matrix:
  rows: 3
  cols: 4
  data: [528.413391, 0.000000, 645.891432, 0.000000, 0.000000, 617.963745, 423.492207, 0.000000, 0.000000, 0.000000, 1.000000, 0.000000]
